5,4,1,6,category
0.12042974147197366,0.40901417539336166,0.35001616638556665,0.12053991674909777,1
0.06724266769116508,0.15338983189637714,0.3592016669170982,0.4201658334953596,1
0.1380512471123584,0.3663543172417789,0.4094187294542362,0.08617570619162661,1
0.11091741656425019,0.4341322325850484,0.34819955380899414,0.10675079704170737,1
0.10087914635903511,0.385784928124851,0.4278664563277377,0.08546946918837617,1
0.12207970886698544,0.3929535932198269,0.3752934537105619,0.10967324420262564,1
0.12293548472822337,0.3370784780160947,0.3963039850932276,0.14368205216245414,1
0.09630517561318423,0.3092577013192359,0.3604421356191858,0.23399498744839412,1
0.13062782731942008,0.3977098689333194,0.3348383459693945,0.13682395777786588,1
0.08909781357256075,0.21776325827758006,0.32434670045177827,0.36879222769808095,1
0.13222176366644783,0.34663593679473054,0.40180520098731076,0.11933709855151095,1
0.10418406468813561,0.36384138889389533,0.4227562590592456,0.10921828735872367,1
0.10327575423672858,0.3529505261327775,0.43682093983312825,0.10695277979736563,1
0.11014313662635809,0.4124223368585766,0.41455560141601333,0.06287892509905207,1
0.10274276668936144,0.3999639669983486,0.36303783097474945,0.13425543533754056,1
0.09430299609077548,0.2762191282997344,0.544254123246339,0.0852237523631511,1
0.09242892015078275,0.34999744483731643,0.4456589454691454,0.11191468954275564,1
0.10323047963337612,0.2875820070647309,0.5432909226141095,0.06589659068778349,1
0.14709537356965569,0.3864198070955969,0.3296710980370052,0.1368137212977422,1
0.1323054986196956,0.344034210106458,0.43146498198593913,0.09219530928790737,1
0.1142488005688413,0.3315283972188625,0.4393249501901771,0.11489785202211912,1
0.3623739614797818,0.35048631667515495,0.15875254861162566,0.12838717323343768,5
0.10892070659256417,0.342348739064318,0.4104456565477258,0.13828489779539196,1
0.14160006372174708,0.42893943447316707,0.3344783204655609,0.09498218133952495,1
0.13017537235809623,0.34898860103445445,0.38462433917223665,0.13621168743521261,1
0.09918957091333858,0.3511896818595167,0.4382799796106947,0.11134076761645,1
0.09504667713526711,0.28789487773337336,0.37253772095783083,0.24452072417352871,1
0.09650656759680569,0.34472543736614314,0.46314367535801837,0.09562431967903286,1
0.10392374642393767,0.29102699659034403,0.47899648395096395,0.12605277303475435,1
0.14712273208933904,0.3643056882493809,0.3352095145235625,0.15336206513771766,1
0.12443322039463356,0.33332905485057185,0.45419624202504494,0.08804148272974958,1
0.12657399503241293,0.32290082893927724,0.4084952768390058,0.14202989918930395,1
0.11355091309480551,0.3268569984420893,0.4662276343885061,0.09336445407459858,1
0.11570664689489855,0.28250755220072493,0.4454884849060155,0.15629731599836075,1
0.10077030664286758,0.3432187646166979,0.4662559821402196,0.08975494660021492,1
0.10843850000341572,0.3138017970215264,0.44034198044551637,0.1374177225295415,1
0.12158337960404991,0.4228338190801463,0.33837586748098736,0.11720693383481627,1
0.09529881836711337,0.2937916353034673,0.4562368345464931,0.15467271178292635,1
0.08220585096027978,0.31888766576380034,0.5474623630421256,0.05144412023379422,1
0.05392344294763975,0.16179037155912337,0.3922277498557916,0.3920584356374452,1
0.13924122152329466,0.3641229447226092,0.39795233799076996,0.09868349576332583,1
0.06340271975546893,0.1838924158349792,0.32967035986106147,0.42303450454849045,1
0.31999739388021836,0.3703206420284808,0.18690817411006005,0.12277378998124046,5
0.12141435236556625,0.344337997928552,0.4182332384348291,0.11601441127105268,1
0.08373675577051916,0.34225942478077537,0.25928425030829216,0.3147195691404132,1
0.10527775127278255,0.36117380482424816,0.40295507181878165,0.13059337208418764,1
0.32729933936885536,0.34603326630482245,0.21572809530638476,0.11093929901993763,5
0.0966089270065815,0.27050061999590747,0.5188575923116912,0.11403286068582001,1
0.05710901149599856,0.2256669525849397,0.4992914267170531,0.21793260920200871,1
0.09918454504955279,0.38636451260339355,0.3950752136096696,0.1193757287373842,1
0.06892012093996629,0.2644466926792642,0.5824748490789532,0.08415833730181635,1
0.09585187743572923,0.3805405366050026,0.4274112133655279,0.09619637259374035,1
0.10502727374087148,0.3971150196042606,0.30230836404774314,0.19554934260712478,1
0.08755126082623732,0.34183679513192267,0.4490898083870632,0.12152213565477675,1
0.11923180339756045,0.2585650766427118,0.505052532435238,0.1171505875244897,1
0.13487942651506668,0.39615426667982945,0.3475791842515721,0.12138712255353178,1
0.11494900427898413,0.42092322484979555,0.33356627615299184,0.13056149471822845,1
0.10220928581735692,0.34118861267940565,0.4357180130550036,0.1208840884482343,1
0.08977914327193944,0.30184873970163767,0.5063504374452616,0.10202167958116116,1
0.06484842336527442,0.2762935146187931,0.5247041644053969,0.13415389761053545,1
0.1126806402995383,0.3093640943285036,0.47727924817001866,0.10067601720193942,1
0.10136548581472145,0.40235235344588693,0.37606477861832427,0.1202173821210673,1
0.11485027170135534,0.3238425696591541,0.3963917788267951,0.16491537981269588,1
0.08101809990200115,0.198415941929871,0.524755836195252,0.1958101219728759,1
0.08940299015303753,0.23370900591414134,0.36269874701198684,0.31418925692083416,1
0.07907022028893439,0.2919601931366433,0.514147454516179,0.11482213205824321,1
0.10894426833753279,0.3238954944982314,0.4596064676788673,0.10755376948536877,1
0.10384571136713039,0.37281191350730475,0.3845720915273878,0.13877028359817697,1
0.10618801470271616,0.41834621809305633,0.30692794000155255,0.1685378272026748,1
0.0803345203797836,0.16518763851383236,0.32236895382609076,0.4321088872802933,1
0.10480871905379173,0.4203635030987292,0.35672751790875307,0.11810025993872601,1
0.09081262240029671,0.2771955307337124,0.5084506593850001,0.12354118748099079,1
0.07417381215752437,0.19847314222050713,0.24951178745316455,0.47784125816880385,1
0.10991654977926493,0.2619229804285884,0.5170102045754111,0.1111502652167356,1
0.07209523288580234,0.2035217387638395,0.3457284372949675,0.3786545910553907,1
0.09223029756536137,0.2077072967581283,0.29848927856212765,0.4015731271143827,1
0.08716288428458546,0.2271073568962374,0.38266015716198537,0.3030696016571918,1
0.10527881989672884,0.39236029570061104,0.3893496306926786,0.11301125370998126,1
0.10603642219225633,0.2655470453740754,0.47478147039541724,0.15363506203825086,1
0.09913337164353182,0.29426638656622217,0.4308585904416087,0.17574165134863745,1
0.10092463942611027,0.26710301829984506,0.43368921589154474,0.19828312638249979,1
0.09691889375593953,0.3738290106377807,0.358140155007725,0.1711119405985547,1
0.12784240782458242,0.397320433782556,0.38027273500181563,0.09456442339104569,1
0.09818421338412603,0.2878000890241015,0.44031380610078735,0.17370189149098494,1
0.09440824125277213,0.29741475327328515,0.2784776428228145,0.3296993626511283,1
0.11472213982862815,0.3544572497811568,0.42254052321616825,0.10828008717404693,1
0.07634393205339983,0.30843338087189187,0.4963774924632589,0.11884519461144925,1
0.10955751755543862,0.3029827001925677,0.2978505036350131,0.2896092786169807,1
0.10121702345414009,0.3521262833369277,0.43999643592678206,0.10666025728215028,1
0.11401531752375786,0.36654806611037716,0.41944039391249605,0.09999622245336837,1
0.11480871074604466,0.3930758723154732,0.39473826222274283,0.09737715471573906,1
0.09936760098670734,0.4196810234532922,0.3826251985448413,0.09832617701515922,1
0.11386175271035297,0.4047124811403962,0.3707663657502224,0.11065940039902834,1
0.09832750089740383,0.2877186671621667,0.38724184546562995,0.2267119864747993,1
0.1280653338201104,0.3788561917142184,0.3840876019899429,0.10899087247572817,1
0.08103005006608709,0.16711910349837988,0.32783914338811015,0.42401170304742286,1
0.12087727300686656,0.39392488532228814,0.35873585033649674,0.12646199133434852,1
0.1292514628656821,0.36081383276372153,0.3756613536263531,0.13427335074424315,1
0.09481466353012122,0.20997737194054622,0.3748074964630159,0.3204004680663166,1
0.1320312207060496,0.430899082255781,0.2947990599666718,0.14227063707149748,1
0.05881035365583552,0.1507782940271038,0.3160216247083102,0.4743897276087504,1
0.3113621752472342,0.3964185319630194,0.11927080394146775,0.172948488848279,5
0.07948464375324468,0.23286929395006,0.4086944737204909,0.2789515885762042,1
0.09957660258123627,0.3201564435248261,0.4508609324546145,0.1294060214393232,1
0.32672479559549694,0.375016222707359,0.1687809008723075,0.12947808082483656,5
0.09115541272264113,0.26015676680783534,0.3025909013922444,0.34609691907727896,1
0.12762494209909425,0.38081027069312867,0.4025889384160959,0.08897584879168108,1
0.12530389753295756,0.3674614327744312,0.39814677224076167,0.10908789745184945,1
0.07846422764221485,0.18355324151223415,0.3212802328228131,0.41670229802273784,1
0.14951496448436866,0.3627025908981316,0.31332289632946,0.17445954828803978,1
0.08532635768744408,0.16916526448722202,0.3340791309256832,0.41142924689965077,1
0.10679565410982582,0.2561583760885387,0.3459077181522621,0.29113825164937335,1
0.10662782927201149,0.3828374824012381,0.39928536909532375,0.11124931923142671,1
0.10453426381963718,0.686842071552597,0.09841973036941556,0.11020393425835034,4
0.11688061411086775,0.6054363705532531,0.12925460630046046,0.14842840903541873,4
0.1487555110980254,0.5544632179938014,0.14589789084132396,0.1508833800668491,4
0.12100865732783557,0.6476172232870893,0.10465085045294022,0.12672326893213498,4
0.30258858550348805,0.4962163892628735,0.08407279691094849,0.11712222832268988,5
0.13051245103320783,0.6253479290453858,0.11376579234169572,0.1303738275797104,4
0.11201525456059268,0.621790618341479,0.150302266270231,0.11589186082769763,4
0.14729638032083112,0.622234843190386,0.13457350672757956,0.09589526976120341,4
0.056684807740507256,0.4069528535583071,0.0747795166488351,0.46158282205235046,4
0.11805880765127512,0.6639982235908519,0.10992971857410119,0.10801325018377171,4
0.13494445667756655,0.5687477347217463,0.15144461600347117,0.14486319259721575,4
0.09917890392951385,0.615828692351291,0.10621285726390038,0.1787795464552945,4
0.07263087443453409,0.6160219995435071,0.11753485180795228,0.19381227421400643,4
0.0793492761012011,0.5137574151490842,0.0950674069859628,0.3118259017637519,4
0.08144461631810901,0.6115547444807449,0.0544435857423548,0.25255705345879115,4
0.13209155717796026,0.58293549123562,0.13928390144772854,0.14568905013869116,4
0.09839184573958032,0.4402829371511827,0.11924826469649759,0.34207695241273944,4
0.10449240406783011,0.7028128157378029,0.03581689916048304,0.15687788103388403,4
0.1197184474016446,0.553657640675916,0.11562133687924815,0.21100257504319114,4
0.12048432612172676,0.5991750963896237,0.08930916041447953,0.19103141707416987,4
0.3382119801097699,0.405478984600481,0.12768140947007514,0.1286276258196743,5
0.4001327707743655,0.39102806444849136,0.08721437081900656,0.12162479395813659,5
0.11728750598006775,0.5842175005733431,0.17477062072887947,0.12372437271770942,4
0.01977943035050336,0.8667909078376445,0.036217095955066086,0.07721256585678599,4
0.1365801541172075,0.6148966858107703,0.150166458289693,0.09835670178232908,4
0.30125191621483266,0.4410368008734429,0.08166421272094769,0.17604707019077656,5
0.08859696532827264,0.6357137996761846,0.06376248239875565,0.21192675259678712,4
0.08629704273904289,0.393013801138841,0.1501396325735273,0.3705495235485887,4
0.12383518031580137,0.6564392334402708,0.12207146066885528,0.09765412557507262,4
0.10290527783970416,0.6940098354780613,0.09492765142037549,0.1081572352618591,4
0.24052393589025944,0.4458728164406107,0.1365043505040006,0.1770988971651292,5
0.10166216368021616,0.6506371810042376,0.10612618560878187,0.1415744697067644,4
0.12462160435753573,0.6135754299256394,0.13513552494202197,0.12666744077480271,4
0.12370810855182865,0.6632067288432488,0.09793242474127199,0.11515273786365049,4
0.12090959804608521,0.6221076695460614,0.11153457465136105,0.14544815775649236,4
0.11018042792246446,0.6842436321318837,0.09150942762059291,0.1140665123250589,4
0.0765766155562118,0.5827891944014768,0.09070141337077357,0.24993277667153763,4
0.11081424820690514,0.6114656402224317,0.1485091877397431,0.12921092383092042,4
0.058562276330575036,0.5485327032458128,0.05803770281488839,0.3348673176087238,4
0.13231834738164897,0.6237653204457377,0.12045839587369761,0.12345793629891556,4
0.06838797284575107,0.6809826250819229,0.11427438368892776,0.13635501838339828,4
0.0967342181145823,0.6320474035974433,0.11015544693213086,0.16106293135584357,4
0.11486020881587426,0.6333847070316904,0.11592256834183348,0.13583251581060188,4
0.09030641276582313,0.6808969419501224,0.10395418827754599,0.12484245700650844,4
0.10732775566069684,0.40114442175047327,0.038764843576250194,0.45276297901257967,4
0.08719764147347128,0.7054474483353507,0.09837658223125817,0.10897832795991994,4
0.12898076637959766,0.6353534455237844,0.08765808184001093,0.1480077062566071,4
0.11457320834656051,0.6137768864025748,0.11086013589507562,0.1607897693557892,4
0.12799289692328356,0.6389091072905007,0.08340276363672894,0.14969523214948685,4
0.08619812419195583,0.6679151605130977,0.1303245995915309,0.11556211570341542,4
0.13346362719503413,0.5958158356480772,0.12717288142954844,0.14354765572734016,4
0.10777782080653071,0.6568337007123404,0.11220283378668179,0.12318564469444718,4
0.07183877239755476,0.6689346236084648,0.10982867944889488,0.14939792454508571,4
0.13095423852197424,0.6474661758914764,0.08830630536764555,0.13327328021890408,4
0.06615693271523716,0.5101105867878203,0.09523640104556884,0.3284960794513739,4
0.08893821231034026,0.7136507666182144,0.08427687023864731,0.11313415083279807,4
0.08925920070593767,0.6571342006458984,0.04352952557784447,0.21007707307031942,4
0.11234927915093151,0.6040407818409871,0.15524355290452183,0.12836638610355972,4
0.3070718747691055,0.45008500883558294,0.10841860253807657,0.1344245138572349,5
0.12140395431865142,0.5682969445823537,0.11425614488195199,0.19604295621704276,4
0.13333112591264232,0.6022360815593294,0.11535858841434445,0.14907420411368394,4
0.1945165870397403,0.5561677193764467,0.0762843941641255,0.17303129941968717,4
0.1945165870397403,0.5561677193764467,0.0762843941641255,0.17303129941968717,5
0.1945165870397403,0.5561677193764467,0.0762843941641255,0.17303129941968717,4
0.10614250612568975,0.6581953798318576,0.10923051339457578,0.12643160064787706,4
0.12261171620516347,0.5663317152331901,0.14823476090469068,0.16282180765695567,4
0.13339646131399488,0.6279087940982463,0.1289677015130723,0.10972704307468617,4
0.118902328170236,0.5940367693851488,0.11993973599431174,0.16712116645030345,4
0.09722713849108928,0.6341995468399749,0.11755992713309511,0.15101338753584054,4
0.11895812009901002,0.6159330254352207,0.04569288962572505,0.2194159648400441,4
0.06979899289279469,0.48874377285118725,0.07833672537867553,0.36312050887734265,4
0.10649686667474925,0.6061018466881302,0.1316461361536593,0.1557551504834613,4
0.11211340891472618,0.6208309473372965,0.14796264445638527,0.11909299929159232,4
0.1096470633751601,0.5917380371670314,0.0993879690327002,0.19922693042510825,4
0.11847479086839552,0.6206794215336812,0.125412154695229,0.13543363290269414,4
0.10492053573296449,0.5705343880889541,0.15106071192381684,0.17348436425426472,4
0.08212327372985931,0.5309076638080957,0.06562082059273354,0.3213482418693114,4
0.13009515324193627,0.616700081700728,0.1471927051334166,0.10601205992391904,4
0.11795879033566545,0.6473662910506488,0.0664695941292845,0.16820532448440131,4
0.11496360111981911,0.40855523835724517,0.11977961311380668,0.356701547409129,4
0.33214371828892286,0.4077439547580942,0.09585693339563131,0.16425539355735144,5
0.08769172482434591,0.46354550851522114,0.05721778595707714,0.3915449807033558,4
0.1061468180139981,0.6343029098612427,0.1401009193697436,0.11944935275501548,4
0.11182571238241172,0.5491740433242646,0.10425142125746678,0.23474882303585687,4
0.1250936878656801,0.6568737132902844,0.07511156711544698,0.14292103172858833,4
0.04719754963749268,0.7690329354489382,0.07488683002264541,0.10888268489092377,4
0.09320318165040498,0.4503387605372132,0.08144000334939086,0.37501805446299097,4
0.09797409529602899,0.6009540342233619,0.08793384867399702,0.2131380218066121,4
0.09621920918471741,0.5312004414739337,0.10478272188382767,0.26779762745752134,4
0.09810349477716127,0.5948589201859262,0.10994027286456481,0.1970973121723477,4
0.11151333238166132,0.6121851742911925,0.05815491563586017,0.21814657769128612,4
0.09598026707676159,0.48006980365250745,0.09973282528214011,0.3242171039885909,4
0.12238842578307473,0.6045238953048216,0.1265596535184079,0.14652802539369578,4
0.08408307800646049,0.5064392514078458,0.07375223132912372,0.3357254392565698,4
0.08408307800646049,0.5064392514078458,0.07375223132912372,0.3357254392565698,4
0.10347107153087717,0.6355910839226512,0.09713634385343228,0.16380150069303923,4
0.13067022764955327,0.6209250411434295,0.1104971698909419,0.13790756131607523,4
0.1245486866661833,0.5909165470337201,0.08191998647236383,0.20261477982773285,4
0.09597092667865263,0.5882584449159085,0.1130703951203019,0.20270023328513667,4
0.114577438510079,0.6200928936213351,0.10047475020820867,0.16485491766037721,4
0.11542278433560833,0.5270856596073697,0.06108406442261375,0.29640749163440805,4
0.09230028289232549,0.39753764154112076,0.06625093845083557,0.443911137115718,4
0.13683742590216164,0.6207591494288601,0.13402046772963794,0.10838295693933982,4
0.08220514490338979,0.4350927496786291,0.02984546015531383,0.4528566452626672,4
0.12318068093563317,0.49070280261357535,0.05825042867014467,0.32786608778064674,4
0.09073830355134543,0.6220575704303646,0.10737933512270581,0.17982479089558417,4
0.11229590960393028,0.6343681911243679,0.13932338891687449,0.11401251035482736,4
0.11947792949705464,0.5938155007973132,0.04750621285292169,0.23920035685271043,4
0.13600773053666804,0.6098131404434151,0.1241846714773929,0.1299944575425239,4
0.11206627763834293,0.5184101440202,0.05413630675093792,0.31538727159051916,4
0.08240539637734022,0.4790892525471362,0.085886427564641,0.35261892351088253,4
0.0935009448536198,0.6647483591318003,0.04801654955446829,0.1937341464601118,4
0.09538543821873278,0.6372744451256224,0.12326515587496975,0.1440749607806751,4
0.10608643841213397,0.528438308547775,0.12936155117584863,0.23611370186424238,4
0.1260786216211326,0.6101603796568735,0.12778233642099257,0.13597866230100109,4
0.08775200949689382,0.509488024517152,0.09324197215469844,0.3095179938312558,4
0.09375218090263913,0.6393016377745749,0.12342005395187446,0.14352612737091144,4
0.11482315582735379,0.5846047870940024,0.12581809918020823,0.1747539578984354,4
0.08525722177832307,0.42663640902724426,0.05786096607048443,0.43024540312394827,4
0.07581269523671769,0.7184760031887933,0.09190974890521385,0.11380155266927496,4
0.1027987388320123,0.6522957866753206,0.10319703513974492,0.14170843935292235,4
0.10318292527258266,0.6280590504604141,0.08233421252395201,0.18642381174305148,4
0.100822933375805,0.5020864446340979,0.07838823359645646,0.3187023883936406,4
0.11084707243835745,0.5629915443436971,0.15345238170089837,0.17270900151704702,4
0.08608665139298557,0.44572895695322723,0.059007954152755795,0.4091764375010313,4
0.17802105779612232,0.44880272610056143,0.08475309246751013,0.28842312363580624,4
0.06338093014241393,0.4496519393907168,0.059908592589498696,0.4270585378773707,4
0.11464568642937244,0.4105644831907415,0.07057486514161601,0.4042149652382699,4
0.0704355942243819,0.4976076270032559,0.04034885950580407,0.3916079192665582,4
0.1005401251971425,0.6690528769398392,0.12286245843715832,0.10754453942585983,4
0.11581224580142901,0.6481558320789009,0.10060836752478797,0.13542355459488215,4
0.13686969311451788,0.6750081645904156,0.05387829790963885,0.13424384438542786,4
0.11634201051530121,0.6249958282396897,0.09904480233498747,0.15961735891002166,4
0.09609108173214438,0.33690703936314137,0.0769550131752449,0.4900468657294691,6
0.06797971113597374,0.515968446780522,0.05614340478689754,0.3599084372966067,4
0.07306256394879541,0.42233058045794214,0.0653359646430147,0.4392708909502477,4
0.10256137923906906,0.47486441862910145,0.06571471207122491,0.35685949006060447,4
0.10659987494530532,0.6152403459776704,0.06746354870111189,0.21069623037591192,4
0.11939135211071493,0.597008646212249,0.122027658264436,0.16157234341259963,4
0.10234434606308858,0.4944218298022729,0.13017260214845716,0.27306122198618105,4
0.11234104809964433,0.6299529172398751,0.11494856782876632,0.1427574668317143,4
0.07558314944401397,0.7117455488734856,0.0940879727885073,0.11858332889399295,4
0.10252685259863906,0.6473335463750817,0.08892979632172003,0.1612098047045597,4
0.11133610497026863,0.6416118569385258,0.11401515180777538,0.13303688628343002,4
0.36699407587607724,0.42934603133206406,0.09868360802263616,0.10497628476922247,5
0.13834460219635253,0.6127659655797016,0.11493529462942946,0.1339541375945166,4
0.10874335085023996,0.6498688802747524,0.07769214738177058,0.1636956214932371,4
0.11150771269184231,0.6104383951565661,0.11174541391839862,0.16630847823319278,4
0.11654210258238284,0.4844419244816554,0.2207170040082237,0.17829896892773817,1
0.3598194653661984,0.3942920006260493,0.1376890590069712,0.10819947500078111,5
0.23269200403276719,0.4880725936829923,0.11598626639453402,0.1632491358897066,5
0.2948445202123666,0.5095467829640075,0.07647190955831558,0.11913678726531024,5
0.06543069342518365,0.6990213521861334,0.10197158829985535,0.13357636608882759,4
0.3641913935815012,0.4376105027605865,0.08512879038828987,0.11306931326962236,5
0.1674294546318403,0.6068858925558367,0.09438402819538838,0.13130062461693462,4
0.124778497913704,0.6349793712556584,0.10052231516185009,0.1397198156687874,4
0.1127658921097598,0.6366040200883573,0.11394161232523432,0.13668847547664878,4
0.16610426385583132,0.5518010173588023,0.07213475982605365,0.20995995895931277,4
0.09246050530579017,0.7165426944819964,0.06519637751116189,0.12580042270105166,4
0.09966899492239638,0.6589574894574332,0.08807900103421741,0.1532945145859529,4
0.11975134211600452,0.6438219316565694,0.10373064874311416,0.1326960774843116,4
0.1048822744830308,0.6162260228513098,0.11934502307962935,0.15954667958603017,4
0.10873172037762766,0.584994810956467,0.07436963883638048,0.2319038298295246,4
0.10181284173956087,0.622433596187263,0.1289400937935284,0.1468134682796476,4
0.3835606352202692,0.3679891086745576,0.11227031125348516,0.13617994485168805,5
0.12122711886729753,0.5437880644346722,0.13444397791066526,0.200540838787365,4
0.2835685575474905,0.42762451718274685,0.08703689527564212,0.20177002999412036,5
0.29440781367974866,0.43104324634409846,0.12142033735903086,0.15312860261712202,5
0.09823750935165468,0.6910949737555638,0.060759992224555415,0.14990752466822588,4
0.10856714581332545,0.6327453864271273,0.10998565938623679,0.1487018083733102,4
0.07241610232799192,0.7792988955098253,0.04833088832234859,0.09995411383983399,4
0.1607781312803855,0.5843649968251378,0.13094452765517567,0.12391234423930113,4
0.11837729592656338,0.5806686008597595,0.14108417440981738,0.15986992880386006,4
0.2209695255856476,0.5440166350854981,0.08000768353821516,0.15500615579063903,4
0.11654210258238284,0.4844419244816554,0.2207170040082237,0.17829896892773817,4
0.10949276968511241,0.6684901025325981,0.05219534012851792,0.16982178765377162,4
0.36951289817660704,0.37442388956866546,0.13199274010258236,0.12407047215214513,5
0.13283640698685883,0.6373415162394778,0.072625968980699,0.15719610779296417,4
0.11079026814932852,0.6705217179091999,0.0960127508323701,0.1226752631091014,4
0.11447158020523072,0.5901416726174402,0.04229325466664739,0.25309349251068153,4
0.12438176471612859,0.6426835934194504,0.12336943555205077,0.10956520631237036,4
0.10628784523780652,0.6435736060915918,0.07752459311155034,0.17261395555905165,4
0.2506164831497246,0.2372277499569676,0.06826075965583951,0.44389500723746833,5
0.3295050979346919,0.41238713292099083,0.11320305940152914,0.14490470974278807,5
0.10536265778751408,0.6671337618361307,0.12041136933916131,0.10709221103719385,4
0.10923007988875603,0.5633866996355618,0.13259069957453068,0.19479252090115154,4
0.10844296220627936,0.7022366228864906,0.10216852669070867,0.08715188821652141,4
0.11534543480679234,0.65490248954054,0.11463925636920844,0.11511281928345912,4
0.13025164938486847,0.6222573830732481,0.13725246928839835,0.11023849825348511,4
0.09089872901554141,0.7262257186689381,0.08972200956347597,0.09315354275204443,4
0.13576763188582744,0.5556079670656882,0.17400904113530402,0.13461535991318035,4
0.3943221866052809,0.378373288127045,0.1214179007608641,0.10588662450680983,5
0.32476317661573983,0.41649510748669377,0.12234087833514393,0.13640083756242224,5
0.08706504732034455,0.6296058238052072,0.12556482446744574,0.15776430440700234,4
0.10314734548198412,0.6306052777951868,0.09315251168270042,0.17309486504012855,4
0.12113551113545554,0.6060436548807361,0.14071089931229763,0.13210993467151033,4
0.11007038276823229,0.6710847151983084,0.08649947708072117,0.132345424952738,4
0.09016621929500078,0.6018942962628275,0.06727260325978374,0.24066688118238785,4
0.11553005549780856,0.6612144612983573,0.06108900558290663,0.16216647762092762,4
0.14550355167395207,0.5921608293368278,0.10366362247021252,0.15867199651900762,4
0.11746773524391523,0.6359826409170147,0.11510512972052146,0.13144449411854855,4
0.38527040301208315,0.373336789690332,0.12711398520471315,0.11427882209287196,5
0.12002986240696058,0.599116743682797,0.13805576090243246,0.14279763300780998,4
0.11966736261321617,0.6178664771732157,0.10606851680413322,0.1563976434094347,4
0.09912659894757282,0.6373183728517963,0.07617248032194988,0.18738254787868103,4
0.1273589676977281,0.6976127032092048,0.05083972435801261,0.12418860473505484,4
0.11034627604103805,0.5796367055267622,0.14676555708255684,0.16325146134964308,4
0.09342439179080682,0.6451490606265236,0.034209714303421436,0.2272168332792483,4
0.10538485518614828,0.5817858843340933,0.08528287875581954,0.2275463817239388,4
0.34866495361265265,0.4133440630823721,0.13486039024838306,0.10313059305659189,5
0.1293006001094621,0.635456162028069,0.1260323053496603,0.10921093251280871,4
0.11535353884799357,0.6079238572316351,0.15434435966832522,0.12237824425204619,4
0.10051232285034586,0.5956312255371502,0.09618957666566663,0.20766687494683753,4
0.10394581559586218,0.6089540583838148,0.07135170675958323,0.21574841926073973,4
0.08405961909640564,0.710089148373889,0.11940797866565166,0.08644325386405358,4
0.11388853735174499,0.6414285534689808,0.09107599477590132,0.15360691440337298,4
0.11018871888570089,0.6658435276943765,0.10744064682295666,0.11652710659696605,4
0.11780354591587369,0.6518573195249298,0.12794519519266784,0.1023939393665289,4
0.09717160995777745,0.5857934240019917,0.15880881462080151,0.15822615141942908,4
0.2418121741378751,0.4978423656934812,0.1161356140209814,0.14420984614766236,5
0.08258937900162591,0.6444034356107261,0.07174959066473027,0.20125759472291782,4
0.12948641124588628,0.6114985600084546,0.11991286729101916,0.13910216145464016,4
0.35965703159108503,0.44253748337267257,0.07117639084026055,0.12662909419598187,5
0.10454056192114031,0.619976720693231,0.10515285372748373,0.1703298636581448,4
0.1055614296523623,0.4730042962716873,0.1379839599052898,0.28345031417066063,4
0.14588008926420548,0.5596451186240256,0.15645993525728585,0.13801485685448317,4
0.11400324411149627,0.6230961750690678,0.14657469065441006,0.11632589016502552,4
0.13889388078664358,0.5746437559958888,0.14884163487713553,0.13762072834033162,4
0.13181972892019034,0.5543458230179176,0.11208036519717986,0.20175408286471205,4
0.11339109387330601,0.6220059415919473,0.10350984005630276,0.16109312447844384,4
0.11060047828716191,0.7203227399896491,0.04326988549995191,0.12580689622323696,4
0.14028097370629325,0.594686512087393,0.10408368105672207,0.16094883314959155,4
0.11339109387330601,0.6220059415919473,0.10350984005630276,0.16109312447844384,4
0.0891683268855445,0.7187519458968578,0.08633776308316192,0.10574196413443594,4
0.10517786847929494,0.6253629379238107,0.11265004715213775,0.15680914644475658,4
0.08422853484784779,0.6563615084691347,0.0897341667879231,0.16967578989509421,4
0.10055842637415806,0.617961874091237,0.10245304270894168,0.17902665682566327,4
0.294798908558888,0.4535960848055003,0.14415638749639942,0.10744861913921229,5
0.10493820864344709,0.7053199352045579,0.05562466374401304,0.13411719240798206,4
0.11085175917989565,0.618820055051803,0.1400782068500875,0.13024997891821372,4
0.1443262210170679,0.5867482493535235,0.13225379435799686,0.13667173527141183,4
0.1228173452872484,0.6453926569095192,0.08532466427615855,0.14646533352707383,4
0.13086693676847613,0.6316492282449004,0.11794924362989954,0.11953459135672367,4
0.10438508403169337,0.6609021490958226,0.12025867065233757,0.11445409622014623,4
0.13461235276331804,0.5663047729469468,0.09026041603049352,0.20882245825924164,4
0.10493820864344709,0.7053199352045579,0.05562466374401304,0.13411719240798206,4
0.11660724201495803,0.6993428855833647,0.06956548180536667,0.11448439059631059,4
0.14099305772790546,0.596185765068739,0.14640890212621294,0.11641227507714229,4
0.12579001527303146,0.6460060385825752,0.08311435410063686,0.14508959204375654,4
0.3180363389705933,0.41688536648329394,0.13906491995080472,0.126013374595308,5
0.3534923856263458,0.3490950233664564,0.1722734786524177,0.12513911235478,5
0.14749493168902816,0.6283103156909716,0.08694006847658012,0.13725468414342004,4
0.13281972733814387,0.5232909354461163,0.14784588002572147,0.19604345719001834,4
0.11949477031701722,0.6563776763589314,0.10665774488262557,0.1174698084414257,4
0.0933465998297804,0.6563610090897379,0.09597992567839331,0.15431246540208843,4
0.07521279727463617,0.7392590729253574,0.04380989848968723,0.1417182313103192,4
0.1324676620727831,0.7442693694341275,0.04100530495301455,0.08225766354007494,4
0.24930761395625933,0.42893713663185795,0.11285080216560707,0.2089044472462755,5
0.19010024655366697,0.5135585545074078,0.10069899478428807,0.19564220415463698,4
0.16308066728633439,0.5041573200838216,0.11230879587467929,0.22045321675516463,4
0.15156436976081028,0.6014465266541105,0.1402416143581522,0.10674748922692678,4
0.14024948207800317,0.5224659641298236,0.15686208660555578,0.18042246718661736,4
0.14647515163605632,0.6004362825151863,0.05730451315142601,0.1957840526973314,4
0.16734277329988573,0.6117343977194019,0.08803576272668452,0.1328870662540278,4
0.09773878031009464,0.6306497240429209,0.12235377955713048,0.1492577160898542,4
0.11732401971482546,0.5530887231850999,0.15359996721404406,0.17598728988603077,4
0.11224942751404003,0.6338024749384259,0.13014208845232578,0.12380600909520921,4
0.14194267746320913,0.5530003698860236,0.1062390914197131,0.198817861231054,4
0.1293295761898321,0.6342113268925813,0.11771548800400476,0.11874360891358185,4
0.17600904846294932,0.6216275227225712,0.09689293869005774,0.10547049012442171,4
0.1186549644149307,0.6056178975341053,0.09523774149293646,0.1804893965580277,4
0.10694780031830556,0.5562141529982886,0.09467975548459481,0.2421582911988109,4
0.0939470986317352,0.468886806301923,0.07924939298985151,0.3579167020764903,4
0.11984464217679351,0.6356132037262816,0.11161518819616906,0.13292696590075578,4
0.1170590344302712,0.6639404632048622,0.08246276870149442,0.13653773366337207,4
0.14323181279922062,0.6172616231434634,0.08990695446413398,0.14959960959318205,4
0.10927539159967324,0.6296990155798253,0.1274439873051302,0.13358160551537124,4
0.07628184007350126,0.389965262735503,0.06645457942575309,0.46729831776524255,4
0.12350489707507188,0.6351139326800574,0.08770915285511897,0.15367201738975167,4
0.10083700826211583,0.6782599082783655,0.10198327830773336,0.11891980515178546,4
0.12310291470607354,0.6637965776536481,0.0640121651594812,0.14908834248079697,4
0.15630258460693133,0.630130207979449,0.09596822800849567,0.11759897940512412,4
0.09434123195180096,0.6740404678036644,0.08037679686303503,0.15124150338149964,4
0.1364366496754051,0.6604818297392264,0.07780744398780338,0.12527407659756512,4
0.3170630753721698,0.4420011649087554,0.09086523883414875,0.15007052088492592,5
0.09546787234679166,0.709322578547706,0.07108183538470236,0.1241277137207999,4
0.11987634502869442,0.5838084305647875,0.16206127212740945,0.13425395227910888,4
0.11979923553825052,0.6524681288705343,0.08655054809319376,0.14118208749802152,4
0.11149790338562217,0.6297526984530751,0.13159096697431086,0.12715843118699183,4
0.12732883718975976,0.5983854947158436,0.14933739230380746,0.12494827579058912,4
0.05717951241133899,0.5973231617935528,0.025202191586242966,0.32029513420886513,4
0.0715019464504345,0.5988309668496321,0.03312744198135097,0.29653964471858235,4
0.12388482576409325,0.60128530768421,0.14121812938556338,0.1336117371661331,4
0.3766888717658727,0.4121589429499129,0.058060044821313724,0.15309214046290065,5
0.12427966624654066,0.6437540969166256,0.10152198545040457,0.13044425138642918,4
0.11149790338562217,0.6297526984530751,0.13159096697431086,0.12715843118699183,4
0.14467232659374774,0.6030648833386512,0.08079755944974347,0.17146523061785765,4
0.11393225859208765,0.6066128543681772,0.13379403304640738,0.1456608539933275,4
0.10822937544657556,0.687277436477527,0.07250138523075353,0.1319918028451438,4
0.13015507151463898,0.6113905074286995,0.06566509681117609,0.19278932424548537,4
0.08821793661259464,0.7083217724382647,0.05435023790938326,0.14911005303975744,4
0.331538319009904,0.4020746436567628,0.13631199917582293,0.13007503815751054,5
0.12853892198442662,0.6426703854747458,0.06697259667264346,0.16181809586818435,4
0.07638902221059696,0.7829121440885698,0.0701798491801711,0.07051898452066191,4
0.10723678762402725,0.7024574606520637,0.08362545119566188,0.10668030052824634,4
0.09212909464815884,0.6668173321702183,0.07898189848870385,0.16207167469291894,4
0.11596602334080634,0.6428519299093856,0.1059618797414306,0.13522016700837766,4
0.0704290641876456,0.4201467950384767,0.04392578556296658,0.4654983552109111,4
0.11196925568326134,0.6476148587954162,0.10759132571285847,0.1328245598084641,4
0.08466004451046882,0.6818207167619647,0.09289604146171442,0.14062319726585212,4
0.056773409050581085,0.6916075170071659,0.06607587985653919,0.18554319408571388,4
0.193368716663922,0.5177476927865615,0.09365465372198122,0.19522893682753514,4
0.11236270894495357,0.638778068040325,0.09933353891096362,0.1495256841037579,4
0.10927566576340694,0.6764793906225379,0.08832577999467044,0.12591916361938466,4
0.15753406830909958,0.6118378045969449,0.12179290309845826,0.10883522399549736,4
0.07776205397780962,0.7133281039498893,0.05126666637449841,0.15764317569780284,4
0.124048674165542,0.6251240620832257,0.13270668852941336,0.11812057522181885,4
0.09126741398865244,0.6837259241270492,0.09885306151851396,0.12615360036578427,4
0.11065021071725378,0.6520818562922819,0.13012946343641774,0.10713846955404681,4
0.12731652482070838,0.663193489929731,0.0867873018186048,0.12270268343095568,4
0.10409742036601004,0.635226588926934,0.1117249997180776,0.14895099098897835,4
0.08365004973275021,0.7860057290922572,0.05553919277351028,0.07480502840148207,4
0.18997694744063054,0.626219122294202,0.046855179751882144,0.13694875051328542,4
0.07216097848256071,0.7601514892626686,0.09597082502105699,0.07171670723371365,4
0.060121109604012866,0.7327012373871632,0.024563093945650805,0.18261455906317323,4
0.07088773986340514,0.7339772089782292,0.09452544814741919,0.10060960301094662,4
0.13521194275415935,0.6123960855165909,0.1486585381081174,0.10373343362113223,4
0.10982971833490675,0.643057696623428,0.13558588114737669,0.11152670389428836,4
0.1212800278121028,0.64010374379172,0.1329417629175009,0.10567446547867589,4
0.12187401254088785,0.6380035190313146,0.10396620388938031,0.13615626453841706,4
0.10327269239167104,0.6522369412281088,0.1247805519989717,0.11970981438124775,4
0.056628726613690804,0.7658442270894591,0.10013612140023385,0.07739092489661627,4
0.10626479358277569,0.6889365015554365,0.06054054938429072,0.14425815547749704,4
0.10741949148201904,0.7353383579567103,0.060241779019009206,0.09700037154226122,4
0.12437895506679292,0.5856753218240988,0.162172118099231,0.12777360500987706,4
0.16195256102376052,0.5743164816718928,0.09895127371782858,0.1647796835865181,4
0.12674591435215662,0.6147020903880774,0.12976076681328622,0.1287912284464797,4
0.32668147462882124,0.45707082562350787,0.08262127508988071,0.1336264246577897,5
0.36460236878869284,0.4448468777750893,0.040939285612752445,0.14961146782346546,5
0.10521042754172584,0.6841532102203755,0.0930170007935005,0.11761936144439725,4
0.11523202704610004,0.6130013899061363,0.14409533282006384,0.12767125022770012,4
0.11467771360933349,0.6255206039904476,0.11250198287268649,0.14729969952753252,4
0.1852497844799929,0.5482302697079932,0.08552041872890863,0.1809995270831051,4
0.1310490141178526,0.6214212603629112,0.12506635653803716,0.12246336898119907,4
0.10634276189142473,0.657431556197381,0.104259936786419,0.13196574512477527,4
0.11545752052537941,0.6000573550577201,0.12063017260569792,0.16385495181120244,4
0.12966712096856145,0.6208399807643105,0.10127697911579836,0.14821591915132962,4
0.11010018676034436,0.607599738343897,0.0654377908429351,0.2168622840528234,4
0.08958323523886469,0.4650167160467098,0.10063195532544167,0.3447680933889837,4
0.1303260708505029,0.5856116847682687,0.1315286651082817,0.15253357927294658,4
0.11967974298237977,0.6605939034208645,0.1205602263003802,0.09916612729637542,4
0.08223137890388452,0.653839229861684,0.1267618677239121,0.1371675235105196,4
0.1628245046861514,0.5723851784760166,0.09824140412787988,0.16654891270995206,4
0.1230109280683856,0.620817604443508,0.14355704492204252,0.11261442256606377,4
0.11634877535622683,0.6531979430263778,0.10081604576898787,0.12963723584840747,4
0.051315845843750506,0.6701431313505235,0.06777125796899694,0.21076976483672907,4
0.09604837236843311,0.6763053255574923,0.08330610645278493,0.1443401956212897,4
0.09376150635966089,0.6840123416156473,0.08132262772771862,0.14090352429697328,4
0.10254365421786305,0.6270144110054328,0.10707341455810451,0.16336852021859954,4
0.176101598491177,0.4971224135458274,0.1053313583443784,0.2214446296186169,4
0.14987161987104541,0.6602712784516687,0.043471279062297155,0.14638582261498861,4
0.10215969955476235,0.7050531693008906,0.09344647502589074,0.09934065611845633,4
0.11449078502163733,0.6160878930350144,0.12408423742809925,0.14533708451524904,4
0.06715620338806576,0.6082116842401492,0.06973571560548347,0.25489639676630166,4
0.11775818594434628,0.5610083221322842,0.14628058102897296,0.17495291089439646,4
0.1365990988603048,0.6738961070937008,0.07540748796362404,0.1140973060823702,4
0.10015158325237139,0.6882789830869175,0.0987483599282189,0.11282107373249202,4
0.0930488405934855,0.6209344478964606,0.07363910146444641,0.21237761004560743,4
0.11604000969382038,0.6807968938150726,0.0632134913453454,0.13994960514576207,4
0.12915636530323965,0.5777333654471712,0.14020164387671039,0.1529086253728785,4
0.10572366524994983,0.6930197548433352,0.0795958787002187,0.12166070120649607,4
0.22066273417510415,0.511686909753031,0.0632649156712129,0.20438544040065187,4
0.07930688955479673,0.7611987898921698,0.08216713365638215,0.07732718689665127,4
0.12946292853717195,0.6446823890542382,0.10255265428911546,0.12330202811947423,4
0.09496829647642914,0.6459113254932104,0.12104440262246798,0.13807597540789254,4
0.07319516473153626,0.790357044526579,0.02510848860681064,0.11133930213507416,4
0.05999994680644895,0.6940345930545719,0.11227315022289727,0.1336923099160818,4
0.09808354590131994,0.6271211692189322,0.07250535333058003,0.20228993154916802,4
0.13663956663859728,0.6480593923721112,0.0990091635156919,0.11629187747359945,4
0.10977806523662775,0.6270895991271493,0.11974534827309698,0.14338698736312613,4
0.13546492647314354,0.6072884530747572,0.10259574891225916,0.15465087153984008,4
0.11322574389334945,0.6554509010377169,0.11373006918886747,0.1175932858800663,4
0.1254513020765376,0.5795942574172046,0.1424935910696439,0.15246084943661384,4
0.1241886580009024,0.6542765247083377,0.07526329064956923,0.14627152664119056,4
